0
0
0
0
0
0
0
0
0
0
0
0
0
0
0
0
0
0
0
0
0
0
0
0
0
0
0
0
0
0
0
0
0
0
0
0
0
0
0
0
0
0
0
0
0
0
0
0
0
0
0
0
0
0
0
0
0
0
0
0
0
0
0
0
0
0
0
0
0
0
0
0
0
0
0.7222222222222143
6.0
11.0
15.736842105263165
20.22437673130196
24.475725324391334
28.503318728370743
32.318933532140704
35.933726504133304
39.35826721444208
42.60256893999776
45.676117943155774
48.58790120930547
51.34643272460519
53.9597783706786
56.43557950906394
58.78107532437637
61.00312399151446
63.10822272880317
65.10252679570827
66.991867490671
68.78176920168832
70.47746555949419
72.08391474057345
73.60581396475379
75.04761322976675
76.41352832293693
77.7075531480455
78.93347140341154
80.09486764533725
81.19513776926686
82.23749893930545
83.22499899513149
84.16052536380877
85.04681350255568
85.88645489715802
86.68190463941286
87.43548860575955
88.149410258088
88.82575708660968
89.46650671363022
90.07353267607074
90.64860990364596
91.19341990871723
91.70955570299527
92.1985264554692
92.66176190518135
93.10061654175075
93.51637356586913
93.91024864134971
94.28339344969973
94.63689905761026
94.97179910720973
95.28907283840921
95.58964795217715
95.87440332311519
96.14417156926703
96.39974148667403
96.64186035579644
96.871236126544
97.08853948830485
97.29440583102564
97.48943710307692
97.67420357133604
97.84924548863414
98.01507467344287
98.17217600641956
98.32100884818695
98.4620083824929
98.59558688867749
98.72213494716814
98.84202258152771
98.95560034039468
99.06320032247916
99.16513714761184
99.2617088766849
99.35319788317517